
    81405 SOCA Rochambeau Observations at 00Z 01 Feb 2008

-----------------------------------------------------------------------------
   PRES   HGHT   TEMP   DWPT   RELH   MIXR   DRCT   SKNT   THTA   THTE   THTV
    hPa     m      C      C      %    g/kg    deg   knot     K      K      K 
-----------------------------------------------------------------------------
 1009.0      9   25.2   22.1     83  16.91      0      4  297.6  346.8  300.6
 1000.0     83   24.6   21.3     82  16.23      5      7  297.8  345.0  300.6
  968.0    367   22.5   17.9     75  13.48     30     16  298.4  337.8  300.8
  935.0    670   20.2   14.2     68  11.00     19     14  299.0  331.4  301.0
  925.0    763   19.8   13.8     68  10.83     15     14  299.6  331.5  301.5
  907.0    932   18.8   11.8     64   9.67      6     13  300.2  328.9  301.9
  850.0   1487   15.8   10.8     72   9.66    335      9  302.7  331.6  304.4
  817.0   1822   13.9    9.3     74   9.11    320      7  304.2  331.7  305.8
  794.0   2064   12.6    8.3     75   8.72    355      9  305.2  331.7  306.8
  770.0   2323   13.6   -7.4     23   2.86     32     11  309.0  318.3  309.5
  765.0   2377   13.2   -7.2     24   2.93     40     11  309.1  318.6  309.6
  719.0   2895    9.0   -5.0     37   3.68      2     11  310.0  321.9  310.7
  700.0   3117    8.2   -3.8     42   4.14    345     11  311.5  324.9  312.3
  666.0   3523    6.4   -3.1     51   4.59    315     11  314.0  328.8  314.8
  605.0   4307    2.9   -1.8     71   5.58    215     11  318.7  336.9  319.7
  584.0   4595    1.6   -1.3     81   5.99    221     11  320.4  340.0  321.6
  565.0   4861    0.4   -3.5     75   5.26    226     11  322.0  339.4  323.0
  507.0   5721   -5.3  -12.3     58   2.95    243     10  325.2  335.4  325.8
  500.0   5830   -5.9  -17.9     38   1.88    245     10  325.8  332.4  326.1
  491.0   5972   -6.9  -32.9     11   0.49    248     10  326.2  328.1  326.4
  432.0   6955  -13.5  -43.0      6   0.20    270      9  330.0  330.8  330.0
  424.0   7098  -14.5  -44.5      6   0.17    255     11  330.5  331.2  330.5
  413.0   7298  -13.9  -44.6      6   0.17    235     15  333.7  334.4  333.7
  408.0   7390  -13.7  -44.7      5   0.18    241     17  335.2  335.9  335.2
  400.0   7540  -14.5  -47.5      4   0.13    250     20  336.1  336.6  336.1
  365.0   8230  -18.9  -56.9      2   0.05    285     33  339.1  339.3  339.1
  360.0   8332  -19.8  -59.3      2   0.04    290     35  339.2  339.4  339.2
  352.0   8500  -21.3  -63.3      1   0.02    283     34  339.4  339.5  339.4
  338.0   8794  -23.7  -56.3      3   0.06    270     31  340.0  340.3  340.0
  301.0   9636  -30.7  -36.5     57   0.56    285     25  341.7  343.9  341.8
  300.0   9660  -30.9  -35.9     61   0.60    285     25  341.7  344.1  341.8
  293.0   9826  -32.3  -36.2     68   0.59    272     24  342.0  344.4  342.2
  267.0  10472  -38.1  -41.0     74   0.40    219     18  342.8  344.4  342.9
  265.0  10523  -38.5                         215     18  342.9         342.9
  250.0  10920  -41.5                         210     24  344.2         344.2
  200.0  12400  -52.7                         185     45  349.1         349.1
  190.0  12719  -55.3                         180     50  350.2         350.2
  165.0  13597  -62.3                         235     21  352.8         352.8
  150.0  14190  -67.1                         265     30  354.3         354.3
  128.0  15122  -75.1                         319     45  356.3         356.3
  122.0  15398  -75.0                         335     49  361.4         361.4
  116.0  15689  -74.9                         346     32  366.9         366.9
  114.0  15788  -75.7                         350     26  367.2         367.2
  103.0  16364  -80.3                         280      5  369.3         369.3
  102.0  16419  -80.7                         285      6  369.5         369.5
  100.0  16530  -80.9                         295      7  371.2         371.2
   88.0  17245  -83.1                           0     17  380.6         380.6
   85.8  17387  -83.5                           0     11  382.5         382.5
   82.0  17638  -83.5                           0      0  387.5         387.5
   77.6  17945  -83.5                          83     15  393.7         393.7
   75.0  18138  -80.7                         135     25  403.4         403.4
   71.0  18449  -76.3                         105      8  419.2         419.2
   70.0  18530  -75.1                          90     10  423.4         423.4
   69.9  18538  -75.1                          89     10  423.6         423.6
   68.0  18698  -75.3                          65     13  426.5         426.5
   62.3  19205  -75.9                         108     19  436.0         436.0
   62.0  19233  -75.7                         110     19  436.9         436.9
   57.0  19728  -72.8                          75     30  454.1         454.1
   50.0  20500  -68.3                          95     53  482.1         482.1
   44.7  21179  -64.3                          97     56  507.5         507.5
   36.0  22503  -64.9                         100     61  538.4         538.4
   35.8  22537  -64.9                         100     59  539.2         539.2
   31.4  23352  -57.5                         100     22  579.7         579.7
   30.0  23640  -57.5                         100      9  587.3         587.3
   27.0  24306  -57.4                         130     15  605.5         605.5
   24.0  25050  -57.3                           0      0  626.5         626.5
   21.7  25698  -49.1                         310     13  669.3         669.3
   20.0  26230  -52.1                         270     24  675.9         675.9
   19.8  26295  -52.5                         265     22  676.7         676.7
   18.0  26914  -50.6                         235      7  701.3         701.3
   16.5  27480  -48.9                         298     11  724.5         724.5
   16.0  27680  -49.5                         320     12  729.0         729.0
   14.5  28321  -51.3                         296     19  743.7         743.7
   13.4  28837  -47.9                         277     24  772.3         772.3
   12.0  29566  -47.2                         250     31  799.4         799.4
   11.0  30140  -46.7                         245     22  821.5         821.5
   10.0  30770  -46.1                         275     23  846.4         846.4
    9.0  31476  -45.4                         315     24  874.8         874.8
    8.0  32266  -44.6                         310      9  907.8         907.8
    7.0  33161  -43.8                         335     21  946.7         946.7
    5.4  34901  -42.1                          91     22 1027.0        1027.0
    5.0                                       125     22                     


      Station information and sounding indices

                         Station identifier: SOCA
                             Station number: 81405
                           Observation time: 080201/0000
                           Station latitude: 4.83
                          Station longitude: -52.37
                          Station elevation: 9.0
                            Showalter index: 4.66
                               Lifted index: 0.82
    LIFT computed using virtual temperature: 0.38
                                SWEAT index: 157.59
                                    K index: 20.50
                         Cross totals index: 16.70
                      Vertical totals index: 21.70
                        Totals totals index: 38.40
      Convective Available Potential Energy: 0.00
             CAPE using virtual temperature: 21.07
                      Convective Inhibition: 0.00
             CINS using virtual temperature: -11.39
 Equilibrum Level using virtual temperature: 422.88
             LFCT using virtual temperature: 844.18
                     Bulk Richardson Number: 0.00
          Bulk Richardson Number using CAPV: 2.12
  Temp [K] of the Lifted Condensation Level: 291.39
Pres [hPa] of the Lifted Condensation Level: 923.21
     Mean mixed layer potential temperature: 298.13
              Mean mixed layer mixing ratio: 14.58
              1000 hPa to 500 hPa thickness: 5747.00
Precipitable water [mm] for entire sounding: 38.54

Description of the data columns </upperair/columns.html> or sounding
indices </upperair/indices.html>.

------------------------------------------------------------------------
/Interested in studying meteorology? Check out our graduate program
<http://www-das.uwyo.edu/new_students/> or undergraduate degree in Earth
System Science <http://www.uwyo.edu/ess/>./
------------------------------------------------------------------------
Questions about the weather data provided by this site can be addressed
to Larry Oolman (ldoolman@uwyo.edu) <mailto:ldoolman@uwyo.edu>
------------------------------------------------------------------------
