
    82965 SBAT Alta Floresta (Aero) Observations at 12Z 30 Jan 2008

-----------------------------------------------------------------------------
   PRES   HGHT   TEMP   DWPT   RELH   MIXR   DRCT   SKNT   THTA   THTE   THTV
    hPa     m      C      C      %    g/kg    deg   knot     K      K      K 
-----------------------------------------------------------------------------
 1000.0     89                                                               
  977.0    288   23.0   22.5     97  17.92    100      2  298.1  350.4  301.3
  925.0    769   21.0   19.3     90  15.48    255      5  300.8  346.4  303.6
  900.0   1006   19.8   18.3     91  14.90    245      8  301.9  346.1  304.6
  850.0   1500   17.4   16.1     92  13.73    280      7  304.4  345.5  306.9
  828.0   1721   16.2   14.8     91  12.99    265      9  305.4  344.5  307.8
  800.0   2011   14.7   13.2     91  12.06    280     10  306.8  343.4  309.0
  780.0   2225   13.6   12.0     90  11.41    290     11  307.8  342.6  309.9
  757.0   2477   12.3   10.6     89  10.68    275     12  309.1  341.8  311.0
  720.0   2899   10.1    8.2     88   9.53    300     13  311.1  340.6  312.9
  700.0   3137    8.8    6.8     87   8.93    300     13  312.2  340.1  313.9
  600.0   4380    2.7   -2.5     69   5.34    330     16  319.2  336.7  320.2
  590.0   4515    2.0   -3.5     67   5.03    335     14  320.0  336.5  320.9
  567.0   4836    0.5   -5.9     62   4.36    330     13  321.8  336.3  322.6
  558.0   4965   -0.2   -6.9     61   4.11    305     17  322.5  336.3  323.3
  531.0   5365   -2.1   -9.9     55   3.42    290     15  324.8  336.4  325.4
  509.0   5706   -3.8  -12.4     51   2.91    310     17  326.7  336.8  327.2
  500.0   5850   -4.5  -13.5     49   2.71    305     18  327.5  337.0  328.0
  468.0   6360   -7.8  -15.9     52   2.37    300     22  329.6  338.0  330.1
  431.0   6995  -11.9  -19.0     56   2.00    270     16  332.2  339.4  332.6
  400.0   7570  -15.7  -21.7     60   1.70    265     11  334.5  340.7  334.8
  385.0   7852  -17.6  -24.2     57   1.41    275     10  335.6  340.9  335.9
  341.0   8746  -23.8  -32.0     47   0.77    210      2  339.1  342.1  339.2
  300.0   9690  -30.3  -40.3     37   0.38    175      2  342.6  344.1  342.6
  256.0  10795  -39.4                         165     10  345.1         345.1
  250.0  10960  -40.7                         175      9  345.4         345.4
  246.0  11067  -41.6                         185     10  345.7         345.7
  218.0  11868  -48.4                         150     19  347.2         347.2
  200.0  12440  -53.3                         145     20  348.2         348.2
  183.0  12990  -58.0                         125     27  349.5         349.5
  166.0  13593  -63.1                         160     28  350.8         350.8
  150.0  14220  -68.5                         165     40  351.9         351.9
  146.0  14378  -69.4                         165     42  353.0         353.0
  135.0  14834  -72.2                         145     29  356.2         356.2
  113.0  15871  -78.3                          45     10  363.2         363.2
  105.0  16300  -80.9                          55      1  366.1         366.1
  102.0  16469  -81.9                         165      5  367.2         367.2
  100.0  16580  -82.1                         140      2  368.9         368.9
   70.0  18600  -74.5                         125     18  424.7         424.7
   50.0  20600  -69.7                          90     35  478.8         478.8
