82332 SBMN Manaus (Aeroporto) Observations at 00Z 16 Oct 2008

-----------------------------------------------------------------------------
   PRES   HGHT   TEMP   DWPT   RELH   MIXR   DRCT   SKNT   THTA   THTE   THTV
    hPa     m      C      C      %    g/kg    deg   knot     K      K      K 
-----------------------------------------------------------------------------
 1001.0     84   25.4   24.4     94  19.67    280      4  298.5  356.0  302.0
 1000.0     97   25.2   24.5     96  19.82    280      4  298.4  356.2  301.9
  993.0    159   24.6   24.2     98  19.59    268      4  298.4  355.6  301.8
  987.0    213   26.8   20.8     70  15.94    258      4  301.1  348.1  303.9
  973.0    339   26.5   20.9     71  16.26    235      3  302.0  350.2  304.9
  946.0    588   25.9   21.1     75  16.92    110      4  303.9  354.4  306.9
  940.0    644   25.8   21.1     75  17.07    100      5  304.3  355.4  307.4
  928.0    757   25.0   21.3     80  17.56     80      6  304.6  357.2  307.8
  925.0    786   24.8   21.4     81  17.69     80      7  304.7  357.7  307.9
  859.0   1434   20.0   19.9     99  17.35     65     15  306.2  358.5  309.3
  850.0   1525   19.4   19.1     98  16.67     70     16  306.4  356.8  309.5
  777.0   2295   15.4   10.4     72  10.29     86     23  310.1  341.9  312.0
  761.0   2470   14.2    8.7     69   9.35     90     24  310.7  339.7  312.4
  719.0   2948   11.0    4.0     62   7.14     83     20  312.2  334.7  313.6
  712.0   3030   10.2    5.5     73   8.02     82     19  312.2  337.4  313.7
  700.0   3171    9.8   -0.2     50   5.42     80     18  313.3  330.6  314.3
  692.0   3266    9.4   -5.6     34   3.66     78     17  313.9  325.9  314.6
  687.0   3326    8.4    3.7     72   7.32     77     17  313.4  336.6  314.8
  684.0   3362    8.2    4.3     76   7.67     76     16  313.6  337.8  315.1
  670.0   3533    8.0   -3.0     46   4.60     73     15  315.2  330.2  316.1
  660.0   3657    6.8    1.8     70   6.65     70     14  315.2  336.5  316.5
  651.0   3770    6.2   -3.8     49   4.46     68     13  315.8  330.3  316.6
  641.0   3896    5.2   -2.9     56   4.86     65     12  316.0  331.8  317.0
  622.0   4141    3.2   -1.0     74   5.75     59     13  316.5  335.1  317.6
  617.0   4206    3.2   -7.8     44   3.46     57     14  317.2  328.7  317.9
  610.0   4298    2.6  -10.9     36   2.75     55     14  317.6  326.8  318.1
  603.0   4392    2.0  -14.0     29   2.16     59     14  317.9  325.3  318.4
  594.0   4512    0.8   -9.2     47   3.22     63     14  317.9  328.7  318.5
  592.0   4539    0.6  -48.4      1   0.08     64     14  318.0  318.3  318.0
  590.0   4567    0.4   -2.5     81   5.43     65     14  318.1  335.7  319.1
  587.0   4607    0.4   -2.7     80   5.37     67     14  318.5  336.1  319.6
  579.0   4717    0.2   -9.8     47   3.15     71     14  319.5  330.1  320.1
  569.0   4857   -0.7   -5.6     69   4.45     77     15  320.1  334.8  320.9
  563.0   4941   -0.9   -8.9     55   3.48     80     15  320.8  332.5  321.5
  560.0   4984   -1.1   -4.5     78   4.92     82     15  321.1  337.3  322.0
  557.0   5027   -1.3   -4.2     81   5.06     84     15  321.3  338.1  322.3
  553.0   5084   -1.3   -5.5     73   4.62     86     15  322.0  337.4  322.9
  549.0   5142   -1.3  -11.3     47   2.95     88     15  322.6  332.7  323.2
  542.0   5244   -1.9  -12.9     43   2.63     92     15  323.1  332.2  323.6
  537.0   5318   -2.1  -26.1     14   0.85     95     15  323.7  326.9  323.9
  525.0   5497   -3.1  -52.1      1   0.06     87     14  324.6  324.9  324.6
  514.0   5663   -4.2  -46.5      2   0.11     80     13  325.3  325.8  325.3
  507.0   5771   -4.9  -42.9      3   0.17     85     14  325.7  326.4  325.7
  500.0   5880   -5.7  -15.7     45   2.26     90     16  326.0  334.0  326.5
  493.0   5991   -4.9  -15.9     42   2.26     90     17  328.3  336.3  328.8
  482.0   6168   -6.5  -20.5     32   1.56     90     18  328.5  334.1  328.8
  478.0   6233   -6.9  -34.9      9   0.41     90     19  328.8  330.4  328.8
  467.0   6414   -8.4  -46.0      3   0.13     90     20  329.1  329.6  329.1
  462.0   6498   -9.1  -51.1      2   0.08     87     20  329.2  329.6  329.2
  460.0   6531   -9.5  -19.5     44   1.78     86     20  329.1  335.6  329.5
  456.0   6599   -9.7  -15.7     62   2.48     83     19  329.7  338.5  330.2
  445.0   6787   -9.9  -17.9     52   2.11     76     19  331.8  339.4  332.2
  420.0   7230  -14.0  -18.6     68   2.11     60     17  332.1  339.6  332.5
  417.0   7285  -14.5  -18.7     70   2.11     62     16  332.1  339.7  332.5
  403.0   7544  -15.7  -16.8     91   2.56     73      9  333.8  343.0  334.3
  400.0   7600  -16.1  -17.2     91   2.50     75      7  334.0  342.9  334.5
  360.0   8376  -21.1  -23.1     84   1.67    130      4  337.5  343.7  337.9
  343.0   8733  -23.3  -25.8     80   1.37     50      3  339.1  344.3  339.4
  327.0   9085  -25.6  -28.4     77   1.13    345      2  340.7  345.0  340.9
  314.0   9384  -27.5  -30.7     74   0.95     36      1  342.0  345.7  342.2
  313.0   9406  -27.7  -30.9     74   0.93     40      1  342.1  345.7  342.3
  300.0   9710  -30.1  -33.8     70   0.74     85      2  342.8  345.8  343.0
  299.0   9733  -30.3  -34.0     70   0.72     85      3  342.9  345.8  343.1
  285.0  10067  -33.0  -37.0     67   0.56     50      4  343.8  346.1  343.9
  261.0  10680  -37.9  -42.6     61   0.34     50      7  345.3  346.8  345.4
  250.0  10980  -40.3  -45.3     59   0.27     15      6  346.0  347.1  346.1
  248.0  11034  -40.8  -45.8     58   0.26     10      6  346.1  347.2  346.2
  236.0  11364  -43.6  -48.9     56   0.19      0     11  346.8  347.6  346.8
  207.0  12237  -51.1  -57.1     49   0.08    356      9  348.2  348.6  348.3
  200.0  12460  -53.1  -59.1     48   0.07    355      9  348.5  348.8  348.5
  150.0  14250  -68.9  -73.9     48   0.01    355     13  351.2  351.3  351.2
  147.0  14370  -70.1  -75.1     48   0.01    349     13  351.2  351.2  351.2
  142.0  14571  -71.4  -76.1     49   0.01    340     13  352.4  352.5  352.4
  134.0  14906  -73.5  -77.7     52   0.01     10     13  354.5  354.6  354.5
  128.0  15171  -75.2  -79.0     55   0.01     40     12  356.2  356.2  356.2
  113.0  15892  -79.8  -82.6     63   0.00    145     10  360.5  360.6  360.5
  109.0  16101  -81.1  -83.6     66   0.00    130     11  361.8  361.8  361.8
  107.0  16206  -78.3  -81.7     58   0.00    130     11  369.0  369.0  369.0
  102.0  16478  -79.5  -82.5     61   0.00    140     13  371.9  371.9  371.9
  101.0  16534  -79.7  -82.7     61   0.00    140     12  372.4  372.5  372.4
  100.0  16590  -80.1  -83.0     62   0.00    140     10  372.7  372.7  372.7
   96.0  16822  -77.4  -81.0     56   0.01    155      2  382.3  382.3  382.3
   95.5  16851  -77.1  -80.8     56   0.01    166      4  383.5  383.6  383.5
   91.0  17126  -78.2  -81.6     58   0.01    270     19  386.7  386.8  386.7
   88.1  17311  -78.9  -82.1     60   0.01    251     17  388.9  388.9  388.9
   83.0  17657  -73.3  -77.6     52   0.01    215     13  407.0  407.1  407.0
   80.1  17863  -69.9  -74.9     48   0.02    232     17  418.1  418.2  418.1
   78.0  18020  -70.1  -75.1     48   0.02    245     20  420.8  420.9  420.8
   74.0  18331  -70.6  -75.6     48   0.02    255     18  426.2  426.3  426.2
   70.0  18660  -71.1  -76.1     47   0.02    290     18  431.9  432.1  431.9
   63.0  19282  -71.8  -76.7     48   0.02    285     13  443.6  443.8  443.6
   60.0  19571  -72.1  -77.0     48   0.02    315      2  449.2  449.3  449.2
   57.0  19874  -72.4  -77.3     48   0.02     60      1  455.0  455.2  455.0
   54.7  20117  -72.7  -77.5     48   0.02     18      6  459.8  459.9  459.8
   54.0  20194  -70.2  -75.4     46   0.03      5      8  467.4  467.6  467.4
   52.8  20329  -65.7  -71.7     43   0.05    359     11  480.7  481.0  480.7
   51.0  20540  -66.0  -72.0     43   0.05    350     15  484.9  485.2  484.9
   50.0  20660  -66.1  -72.1     43   0.05    340     12  487.3  487.6  487.3
   48.0  20906  -67.3  -73.3     42   0.04    305      7  490.1  490.4  490.1
   47.7  20944  -67.5  -73.5     42   0.04    305      8  490.6  490.8  490.6
   44.0  21438  -65.2  -71.5     41   0.06    305     23  507.7  508.1  507.7
   37.9  22350  -60.9  -67.9     39   0.11    266     19  540.7  541.5  540.7
   37.0  22499  -61.0  -68.1     39   0.11    260     18  544.3  545.1  544.3
   36.0  22669  -61.0  -68.2     38   0.11    275     17  548.4  549.2  548.4
   32.0  23400  -61.3  -69.1     35   0.11    235      8  566.3  567.2  566.4
   30.0  23800  -61.5  -69.5     34   0.11    245     11  576.4  577.3  576.4
   29.7  23862  -61.5  -69.5     34   0.11                578.1  578.9  578.1

Station information and sounding indices

                         Station identifier: SBMN
                             Station number: 82332
                           Observation time: 081016/0000
                           Station latitude: -3.15
                          Station longitude: -59.98
                          Station elevation: 84.0
                            Showalter index: -4.93
                               Lifted index: -3.28
    LIFT computed using virtual temperature: -3.97
                                SWEAT index: 295.22
                                    K index: 34.20
                         Cross totals index: 24.80
                      Vertical totals index: 25.10
                        Totals totals index: 49.90
      Convective Available Potential Energy: 1061.44
             CAPE using virtual temperature: 1221.40
                      Convective Inhibition: -105.97
             CINS using virtual temperature: -101.87
                           Equilibrum Level: 144.93
 Equilibrum Level using virtual temperature: 144.89
                   Level of Free Convection: 754.61
             LFCT using virtual temperature: 778.08
                     Bulk Richardson Number: 35.18
          Bulk Richardson Number using CAPV: 40.48
  Temp [K] of the Lifted Condensation Level: 293.68
Pres [hPa] of the Lifted Condensation Level: 911.88
     Mean mixed layer potential temperature: 301.55
              Mean mixed layer mixing ratio: 17.05
              1000 hPa to 500 hPa thickness: 5783.00
Precipitable water [mm] for entire sounding: 54.46
