
    83362 SBCY Cuiaba (Aeroporto) Observations at 00Z 28 Oct 2008

-----------------------------------------------------------------------------
   PRES   HGHT   TEMP   DWPT   RELH   MIXR   DRCT   SKNT   THTA   THTE   THTV
    hPa     m      C      C      %    g/kg    deg   knot     K      K      K 
-----------------------------------------------------------------------------
 1000.0     92                                                               
  989.0    187   25.8   20.8     74  15.91     70      4  299.9  346.6  302.8
  963.0    425   29.6   18.6     52  14.21    116      5  306.0  348.9  308.6
  925.0    785   27.6   18.6     58  14.80    185      6  307.5  352.5  310.2
  900.0   1026   25.7   17.7     61  14.36    220      5  308.0  351.7  310.6
  850.0   1529   21.8   15.8     69  13.46    280      4  309.0  350.1  311.5
  843.0   1601   21.2   16.2     73  13.93    290      4  309.1  351.7  311.6
  800.0   2046   18.1   12.2     69  11.32    355      5  310.4  345.3  312.6
  746.0   2641   14.0    7.0     63   8.48      5     10  312.2  338.8  313.8
  704.0   3134   10.6    2.6     58   6.60     23     14  313.7  334.6  314.9
  700.0   3181   10.2    2.2     58   6.45     25     14  313.8  334.3  315.0
  698.0   3205   10.0    2.2     58   6.45     25     14  313.8  334.3  315.0
  648.0   3816    4.9    1.0     76   6.39     35     12  314.8  335.1  316.0
  632.0   4021    3.2    0.6     83   6.37     32     11  315.1  335.4  316.3
  622.0   4151    3.4   -3.6     60   4.74     30     11  316.7  332.2  317.6
  600.0   4442    1.1   -2.4     77   5.38     25     10  317.4  334.9  318.4
  595.0   4510    0.6   -2.1     82   5.54     27     10  317.5  335.5  318.6
  590.0   4577    0.3   -3.5     76   5.04     30     10  317.9  334.4  318.9
  550.0   5138   -2.1  -15.1     36   2.16     71      6  321.5  329.0  322.0
  523.0   5537   -4.3   -7.9     76   4.06    100      4  323.6  337.2  324.3
  514.0   5673   -5.2   -8.0     81   4.10    110      3  324.0  337.9  324.8
  500.0   5890   -6.7   -8.1     90   4.18    135      3  324.8  338.9  325.6
  487.0   6096   -7.9   -9.3     90   3.90    125      6  325.8  339.1  326.6
  483.0   6160   -7.3   -8.8     89   4.09    122      7  327.3  341.3  328.1
  478.0   6241   -6.7  -18.7     38   1.84    117      8  329.0  335.6  329.4
  461.0   6523   -9.1  -17.1     52   2.18    103     12  329.4  337.2  329.9
  457.0   6591   -9.4  -18.8     47   1.91    100     13  329.8  336.7  330.2
  429.0   7078  -11.9  -30.9     19   0.68     86     13  332.7  335.3  332.9
  400.0   7610  -15.9  -26.9     38   1.06     70     14  334.2  338.2  334.4
  397.0   7666  -16.4  -25.4     46   1.23     70     15  334.3  338.9  334.6
  394.0   7723  -16.9  -23.9     55   1.42     72     15  334.4  339.6  334.7
  387.0   7857  -17.7  -25.7     50   1.23     78     16  335.0  339.6  335.3
  384.0   7915  -18.1  -42.1     10   0.25     80     16  335.3  336.3  335.3
  375.0   8092  -19.3  -51.3      4   0.09     88     17  336.0  336.4  336.0
  366.0   8270  -20.4  -49.0      6   0.12     95     18  336.9  337.4  336.9
  339.0   8833  -23.7  -41.7     17   0.29     87     19  339.8  341.0  339.9
  333.0   8961  -24.8  -41.9     19   0.29     85     19  340.1  341.2  340.1
  300.0   9710  -31.1  -43.1     30   0.28    115     19  341.4  342.6  341.5
  295.0   9829  -31.9  -44.7     27   0.24    120     19  341.9  342.9  341.9
  293.0   9878  -32.3  -45.3     26   0.23    120     19  342.0  343.0  342.1
  279.0  10222  -35.5  -40.5     60   0.40    123     21  342.2  343.9  342.3
  276.0  10297  -35.9  -40.0     66   0.43    124     21  342.7  344.5  342.8
  263.0  10632  -38.1  -48.1     34   0.19    127     22  344.3  345.1  344.3
  252.0  10926  -40.5                         130     24  344.9         344.9
  250.0  10980  -41.1                         130     24  344.8         344.8
  234.0  11427  -44.7                         137     21  345.9         345.9
  200.0  12460  -53.1                         155     14  348.5         348.5
  182.0  13058  -58.7                         155     17  348.9         348.9
  179.0  13160  -59.6                         155     18  349.1         349.1
  150.0  14240  -69.1                         135     22  350.9         350.9
  149.0  14280  -69.4                         135     22  351.1         351.1
  144.0  14484  -70.7                         154     18  352.2         352.2
  141.0  14610  -69.5                         165     16  356.4         356.4
  109.0  16117  -76.9                          85      9  369.7         369.7
  101.0  16563  -79.1                          60     12  373.6         373.6
  100.0  16620  -79.5                          60     12  373.9         373.9
   98.3  16717  -80.3                          45     14  374.2         374.2
   95.0  16909  -80.6                          20     16  377.3         377.3
   88.8  17288  -81.1                         315     14  383.6         383.6
   87.0  17403  -80.7                         295     14  386.7         386.7
   80.0  17876  -78.9                         170      8  399.8         399.8
   79.3  17926  -78.7                         186      8  401.1         401.1
   76.1  18163  -73.1                         263      9  417.6         417.6
   74.0  18326  -73.5                         315     10  420.1         420.1
   71.9  18494  -73.9                         287     13  422.7         422.7
   71.0  18567  -73.7                         275     14  424.6         424.6
   70.0  18650  -73.5                         265     14  426.8         426.8
   68.0  18820  -73.6                         250     12  430.2         430.2
   63.4  19231  -73.7                                     438.6         438.6
   56.3  19938  -67.9                                     467.0         467.0
   50.0  20650  -70.3                                     477.4         477.4
   48.7  20807  -70.1                                     481.5         481.5


      Station information and sounding indices

                         Station identifier: SBCY
                             Station number: 83362
                           Observation time: 081028/0000
                           Station latitude: -15.64
                          Station longitude: -56.09
                          Station elevation: 187.0
                            Showalter index: -3.67
                               Lifted index: -3.27
    LIFT computed using virtual temperature: -3.57
                                SWEAT index: 240.59
                                    K index: 36.30
                         Cross totals index: 22.50
                      Vertical totals index: 28.50
                        Totals totals index: 51.00
      Convective Available Potential Energy: 661.24
             CAPE using virtual temperature: 782.87
                      Convective Inhibition: -210.39
             CINS using virtual temperature: -181.91
                           Equilibrum Level: 204.10
 Equilibrum Level using virtual temperature: 204.03
                   Level of Free Convection: 699.33
             LFCT using virtual temperature: 722.35
                     Bulk Richardson Number: 138.70
          Bulk Richardson Number using CAPV: 164.21
  Temp [K] of the Lifted Condensation Level: 290.14
Pres [hPa] of the Lifted Condensation Level: 841.56
     Mean mixed layer potential temperature: 304.83
              Mean mixed layer mixing ratio: 14.73
              1000 hPa to 500 hPa thickness: 5798.00
Precipitable water [mm] for entire sounding: 48.28


    83362 SBCY Cuiaba (Aeroporto) Observations at 12Z 28 Oct 2008

-----------------------------------------------------------------------------
   PRES   HGHT   TEMP   DWPT   RELH   MIXR   DRCT   SKNT   THTA   THTE   THTV
    hPa     m      C      C      %    g/kg    deg   knot     K      K      K 
-----------------------------------------------------------------------------
 1000.0     98                                                               
  990.0    187   28.0   21.0     66  16.09    340      5  302.0  349.8  304.9
  968.0    387   27.6   19.6     62  15.07    334      7  303.6  348.6  306.3
  961.0    452   28.8   18.8     55  14.42    332      7  305.4  348.8  308.0
  955.0    507   28.5   18.7     55  14.39    330      8  305.6  349.0  308.3
  925.0    791   27.0   18.0     58  14.24     45      2  306.9  350.1  309.5
  850.0   1534   21.8   12.8     57  11.04     40      4  309.0  342.9  311.0
  774.0   2332   16.5    7.5     55   8.47      5     12  311.6  338.1  313.2
  737.0   2749   13.7    4.7     55   7.33     25     15  313.0  336.1  314.4
  700.0   3188   10.8    1.8     54   6.27     30     19  314.4  334.4  315.6
  694.0   3259   10.3    1.0     53   5.97     30     20  314.6  333.8  315.8
  658.0   3701    7.2   -3.8     45   4.41     36     18  316.0  330.4  316.8
  648.0   3826    6.2    1.2     70   6.48     38     17  316.2  337.0  317.4
  634.0   4005    4.8   -3.2     56   4.79     40     16  316.6  332.2  317.5
  614.0   4266    2.4   -1.6     75   5.57     26     13  316.8  334.8  317.8
  598.0   4478    1.4   -2.5     76   5.35     15     11  317.9  335.4  319.0
  584.0   4669    0.4   -3.3     76   5.16     16     10  319.0  335.9  320.0
  566.0   4920   -0.1   -6.1     64   4.31     17      9  321.3  335.6  322.1
  500.0   5900   -7.5  -11.3     74   3.24     20      5  323.8  334.9  324.5
  489.0   6072   -8.5  -13.3     68   2.82     45      4  324.7  334.4  325.2
  467.0   6429  -10.5  -17.5     56   2.08     77      5  326.5  333.8  326.9
  463.0   6495  -10.3  -26.3     26   0.97     82      5  327.5  331.1  327.7
  455.0   6629   -9.9  -31.9     15   0.58     94      5  329.7  331.9  329.8
  432.0   7024  -12.3  -41.2      7   0.24    130      6  331.5  332.5  331.6
  400.0   7610  -15.9  -54.9      2   0.06     90     16  334.2  334.5  334.2
  392.0   7762  -16.9  -55.6      2   0.05     90     17  334.9  335.1  334.9
  375.0   8094  -19.1  -57.1      2   0.05    104     15  336.2  336.4  336.2
  357.0   8452  -22.3  -54.2      4   0.07    120     13  336.7  337.0  336.7
  334.0   8936  -26.6  -50.3      9   0.11     95     14  337.2  337.7  337.2
  314.0   9384  -30.7  -46.6     19   0.18    120     12  337.6  338.4  337.7
  309.0   9501  -31.7  -45.7     24   0.21    116     12  337.7  338.6  337.8
  303.0   9640  -32.5  -53.5     11   0.09    112     12  338.5  338.9  338.5
  300.0   9710  -32.7  -51.7     13   0.11    110     12  339.2  339.6  339.2
  273.0  10368  -37.9  -43.7     54   0.29     95     17  340.9  342.1  341.0
  271.0  10419  -38.3  -43.1     61   0.31     96     17  341.0  342.3  341.1
  250.0  10970  -42.3                         105     22  343.0         343.0
  232.0  11463  -46.3                         115     26  344.4         344.4
  204.0  12313  -53.1                         124     21  346.6         346.6
  200.0  12440  -53.9                         125     20  347.2         347.2
  179.0  13141  -59.1                         141     13  349.9         349.9
  174.0  13314  -60.7                         145     11  350.2         350.2
  155.0  14022  -67.1                         188      7  351.0         351.0
  150.0  14220  -65.3                         200      6  357.4         357.4
  139.0  14667  -67.9                         235      5  360.7         360.7
  111.0  15987  -75.5                         290     10  370.3         370.3
  100.0  16600  -79.1                         215     17  374.6         374.6
   96.0  16830  -80.1                         195     19  377.1         377.1
   90.5  17163  -81.5                         189     21  380.7         380.7
   87.0  17387  -80.1                         185     23  387.9         387.9
   79.8  17878  -76.9                                     404.1         404.1
   76.3  18135  -78.3                                     406.4         406.4
   72.7  18412  -75.1                                     418.8         418.8


      Station information and sounding indices

                         Station identifier: SBCY
                             Station number: 83362
                           Observation time: 081028/1200
                           Station latitude: -15.64
                          Station longitude: -56.09
                          Station elevation: 187.0
                            Showalter index: -1.75
                               Lifted index: -4.11
    LIFT computed using virtual temperature: -4.56
                                SWEAT index: 178.60
                                    K index: 33.10
                         Cross totals index: 20.30
                      Vertical totals index: 29.30
                        Totals totals index: 49.60
      Convective Available Potential Energy: 950.58
             CAPE using virtual temperature: 1079.90
                      Convective Inhibition: -230.86
             CINS using virtual temperature: -174.88
                           Equilibrum Level: 189.70
 Equilibrum Level using virtual temperature: 189.53
                   Level of Free Convection: 679.29
             LFCT using virtual temperature: 709.53
                     Bulk Richardson Number: 158.15
          Bulk Richardson Number using CAPV: 179.67
  Temp [K] of the Lifted Condensation Level: 290.45
Pres [hPa] of the Lifted Condensation Level: 848.18
     Mean mixed layer potential temperature: 304.46
              Mean mixed layer mixing ratio: 14.91
              1000 hPa to 500 hPa thickness: 5802.00
Precipitable water [mm] for entire sounding: 43.65

Description of the data columns </upperair/columns.html> or sounding
indices </upperair/indices.html>.

------------------------------------------------------------------------
/Interested in studying meteorology? Check out our graduate program
<http://www-das.uwyo.edu/new_students/> or undergraduate degree in Earth
System Science <http://www.uwyo.edu/ess/>./
------------------------------------------------------------------------
Questions about the weather data provided by this site can be addressed
to Larry Oolman (ldoolman@uwyo.edu) <mailto:ldoolman@uwyo.edu>
------------------------------------------------------------------------
