# dia mes ano  hora1 hora2 alt1 alt2
   10 07  2011 03     8     5    5
   13 07  2011 03     9     3    6
   17 07  2011 02     9     5    6
   19 07  2011 00     8     3    4
   26 07  2011 03     9     4    5
   29 07  2011 07    11     2    3
   30 07  2011 00     9     4    6
   02 08  2011 00     9     6    7
   13 08  2011 00    10     4    5
   15 08  2011 03     9     5    6
   15 08  2011 19    21     2    4
   18 08  2011 03    11     2    3
   07 09  2011 03     9   1.5  3.5
   11 09  2011 00    11     2    7
   19 10  2011 05     7     4    5
   24 10  2011 02     4     5    6
   04 11  2011 21    24     1    2
   05 11  2011 00     2     7    8
#
